% redcol = [178,24,43]/255;%[178,24,43]/255; %[5,113,176]/255
redcol = [0.7 0 0];
bluecol = [33,102,172]/255; %[202,0,32]/255
% bluecol = [0 0 0.7];